5
3
3
6
3.63101462754
0 0.456601104793 0.305876553831 0.301219986421 0.0131639186769 0.793679035949 0.130882598893 0.812923556978 0.81957635461 0.584823043874 0.669444917275 0.0413945827609 0.350797141494 0.711233268825 0.566974104584 0.464129438628 0.977176185273 0.722029794443 0.0765218779365 0.357997560578 0.828694553109 0.410939885279 0.190783181799 0.0949556015023 0.786807002732 0.225783878901 0.238428540643 0.0644385319295 0.106668736231 0.648680224881 0.411540444364 0.965987506616 0.265365108386 0.96007330356 0.854273613259 0.224987604612 0.221045664536 0.308164113467 0.116814346956 0.517999644701 0.296770060482 0.899253509213 0.35127239298 0.205060181688 0.0927297764922 0.0479731210788 0.8771825511 0.0761593381382 0.507978094538 0.345303079439 0.872728391541 0.934669534168 0.961179471068 0.54741005259
0.456601104793 0 0.0894893246983 0.265890217197 0.52892622007 0.217890787772 0.304215148371 0.426170500513 0.82954340689 0.190471874872 0.786469512615 0.186684142483 0.104962996531 0.660138497907 0.181941469243 0.945670815649 0.968972666346 0.158423132377 0.76250556744 0.22401268514 0.250665388602 0.620489372991 0.768386295877 0.423346157074 0.453987856686 0.859054515807 0.850599928516 0.972877651746 0.12098449751 0.361176624329 0.901656212912 0.17554421538 0.382772680175 0.119268754678 0.300620302601 0.3258046274 0.807749779218 0.264366277177 0.105669197747 0.118854915407 0.500844016134 0.617458640847 0.0106774315306 0.76541134919 0.0100507263749 0.151944615513 0.762417026217 0.449552978095 0.471300725409 0.714467686478 0.515923144315 0.603921201984 0.791140982524 0.444796569271
0.305876553831 0.0894893246983 0 0.959710057624 0.456886995727 0.378746210299 0.384491545549 0.220061952312 0.817152633189 0.856284502832 0.578722991737 0.200853350903 0.517451718846 0.0506571149702 0.0622433918631 0.516537571629 0.733173192338 0.21590179024 0.615821369804 0.861496609154 0.13648171742 0.730061472908 0.202574671047 0.387554172735 0.221898810064 0.254692148037 0.23136725429 0.0131812197438 0.135813545761 0.202664072996 0.354766460903 0.563440332846 0.336879749903 0.149819306079 0.548051019296 0.833251726711 0.479719035836 0.12418422795 0.513775710761 0.622770910163 0.294704957593 0.345200918837 0.658435213524 0.035043374739 0.835746999711 0.281686805833 0.843147435383 0.660288684697 0.466667726632 0.264587536082 0.247655799072 0.398863635606 0.371120707182 0.881742446141
0.301219986421 0.265890217197 0.959710057624 0 0.418320192806 0.478772927054 0.972721367927 0.22520847621 0.486067010277 0.206326275919 0.312640552446 0.215842984846 0.80612859425 0.99226469125 0.581068409615 0.207464939059 0.808006652222 0.53985887475 0.864765946622 0.418687781118 0.451597739862 0.598728299653 0.612929157997 0.854499195225 0.335927038903 0.536677300878 0.114590753775 0.469490011363 0.311902165291 0.21967401647 0.932177175621 0.69663292555 0.719781234048 0.928433927412 0.278038949884 0.822588201396 0.704256156694 0.648812703275 0.610088607156 0.83782554231 0.569813945663 0.615856962339 0.333982958624 0.517401651303 0.477908856186 0.796548279728 0.14171417147 0.190556069329 0.491318805265 0.906477888078 0.412471720257 0.164669251018 0.302294114584 0.969757398525
0.0131639186769 0.52892622007 0.456886995727 0.418320192806 0 0.274649148609 0.553205229347 0.818138766756 0.241804728309 0.0712434547295 0.040468098463 0.26082452229 0.141382120585 0.247368215463 0.444742026217 0.260396554257 0.436806177595 0.4593140559 0.857644130081 0.480803105863 0.924290018347 0.906936611005 0.55051167633 0.536868092416 0.764486406769 0.144950623814 0.798825254061 0.815175113015 0.965456787732 0.693099120964 0.165819988783 0.779857954932 0.987837161842 0.777911757786 0.866537282008 0.18852130712 0.681525612393 0.831751926712 0.695035238816 0.0260169810788 0.363742652062 0.264355531932 0.352559269265 0.0784004414459 0.110538905255 0.467152214843 0.6864465497 0.303108042421 0.620169910184 0.0982280099434 0.3823251919 0.556146447418 0.145046884094 0.341516384039
0.793679035949 0.217890787772 0.378746210299 0.478772927054 0.274649148609 0 0.569995499903 0.375710291411 0.521266012984 0.253636514048 0.803277087943 0.62841475097 0.181755662419 0.475847343571 0.766719140174 0.290659414382 0.749585045331 0.909360467361 0.509982231678 0.247241688865 0.31081707311 0.284510904998 0.183277804803 0.703874127606 0.754039277776 0.538026549122 0.635668421459 0.640337973526 0.231786526982 0.00194551259138 0.384227386978 0.948442799374 0.514756282779 0.287869375029 0.307049754124 0.131739977571 0.481848014709 0.794419218973 0.698434975256 0.382046552976 0.581204010224 0.553020139476 0.87872001076 0.123613439238 0.258838273232 0.280745773819 0.20451813216 0.804244878979 0.62631674186 0.00618537094444 0.0720860291062 0.889363146546 0.527819991975 0.00597829528783
0.130882598893 0.304215148371 0.384491545549 0.972721367927 0.553205229347 0.569995499903 0 0.27929437759 0.916373946416 0.826335381582 0.293140173625 0.376431039873 0.604123357949 0.46063471903 0.249174700796 0.0607491501756 0.359751078801 0.95668268388 0.845773438635 0.454933037733 0.871434375752 0.0227811539262 0.217132895251 0.505907259038 0.469715276249 0.919258213981 0.573135946408 0.773584586855 0.582569993502 0.581813968048 0.695210902281 0.899333880069 0.801372651186 0.942783740856 0.790491791754 0.622681383169 0.779482867986 0.604551575657 0.525201786773 0.708408756772 0.813516140663 0.367075233146 0.088026469705 0.90678223475 0.144440188745 0.939763675927 0.674889566121 0.79675627644 0.836919011959 0.476151116504 0.446959809299 0.657516559112 0.296911689247 0.510212416646
0.812923556978 0.426170500513 0.220061952312 0.22520847621 0.818138766756 0.375710291411 0.27929437759 0 0.103556896164 0.585327997492 0.276793427912 0.0718498703735 0.0808222643149 0.742244087149 0.389013519592 0.588543669027 0.340839507576 0.7905908817 0.973591389253 0.68328172195 0.245677629288 0.902115587904 0.984207469467 0.896967583435 0.0547984401063 0.156752170533 0.785387312246 0.679405951318 0.371561976734 0.343221460588 0.589159879039 0.24069021161 0.34345493594 0.557814747928 0.473035747232 0.140079995565 0.64579300046 0.128734137735 0.697430745684 0.497436204971 0.263856550808 0.38373058449 0.541588218174 0.779661222614 0.960950187042 0.845564323298 0.827086377329 0.738263743253 0.389088355816 0.325438993803 0.758762905546 0.595786582204 0.48247747658 0.488737852491
0.81957635461 0.82954340689 0.817152633189 0.486067010277 0.241804728309 0.521266012984 0.916373946416 0.103556896164 0 0.543010279653 0.490789740848 0.97012239018 0.940274715097 0.523758117453 0.882884208366 0.464938152938 0.26877981761 0.989782920575 0.891223109608 0.691193899266 0.388692840267 0.851869221504 0.0915255945113 0.202220273525 0.0046653726134 0.301899569147 0.981274370153 0.16971376234 0.73509391894 0.910704597653 0.874679625987 0.240214739641 0.920436082063 0.56859179704 0.736347271816 0.562871803778 0.228629302392 0.920954958924 0.119053324913 0.588385412606 0.449026809298 0.161081092317 0.0445671976536 0.414770489388 0.26252178284 0.582541454001 0.784755908942 0.232524169158 0.0403054802692 0.259024606911 0.45933035035 0.357921085497 0.461401361183 0.347033716964
0.584823043874 0.190471874872 0.856284502832 0.206326275919 0.0712434547295 0.253636514048 0.826335381582 0.585327997492 0.543010279653 0 0.233494252254 0.785241977051 0.256540609198 0.483896785099 0.417008630786 0.5757202919 0.697733195099 0.866942241498 0.556399289622 0.142086173909 0.233005137453 0.763980959667 0.630071481274 0.0519620272654 0.485623428422 0.841835678945 0.795872255844 0.883010909712 0.00969808782851 0.211753727435 0.816515166287 0.331844135948 0.221842019686 0.038541144597 0.5204502973 0.576956347432 0.816243072961 0.699200956914 0.139637004368 0.468078285251 0.417453074087 0.877893792238 0.544582982779 0.0790248219031 0.931522362837 0.781731749152 0.807920994927 0.182438677417 0.353363178881 0.0232919650806 0.761611229694 0.736195650514 0.603222925322 0.556427787058
0.669444917275 0.786469512615 0.578722991737 0.312640552446 0.040468098463 0.803277087943 0.293140173625 0.276793427912 0.490789740848 0.233494252254 0 0.71682064345 0.588298704183 0.00221122334408 0.0751957879105 0.22918342323 0.661594976957 0.0122107547031 0.0521260559409 0.866838030222 0.630703072651 0.784413871283 0.882517230093 0.666653414323 0.671538069673 0.183707266392 0.880123726333 0.512614323367 0.597314548054 0.436713981569 0.81431601013 0.96995288731 0.824927596867 0.884000544933 0.413918100562 0.738177954218 0.625616452999 0.607106916907 0.557206567516 0.817022514987 0.332235380985 0.140591651821 0.502674033601 0.916769906026 0.837451555734 0.580256662646 0.720570360401 0.383498403012 0.410406741035 0.63851302978 0.336675660606 0.0896515307617 0.786934688524 0.251983619711
0.0413945827609 0.186684142483 0.200853350903 0.215842984846 0.26082452229 0.62841475097 0.376431039873 0.0718498703735 0.97012239018 0.785241977051 0.71682064345 0 0.806415074815 0.476162378831 0.849811542765 0.254059752888 0.00843932266142 0.722587787536 0.695824973241 0.900038391709 0.0986604625294 0.582289781777 0.0871284387351 0.553857520354 0.177676467699 0.279124038676 0.480987628356 0.595727762256 0.805650150162 0.896118054134 0.311216893964 0.493453567802 0.303777522585 0.112524044938 0.346533707221 0.487323051228 0.79592631275 0.889025358895 0.752309308585 0.205564053783 0.132155369561 0.788843699737 0.44550494615 0.540983717101 0.172426531942 0.933321455969 0.459737582722 0.992479693703 0.0334067117039 0.583475103453 0.468059854403 0.476333081186 0.699401896763 0.311753603596
0.350797141494 0.104962996531 0.517451718846 0.80612859425 0.141382120585 0.181755662419 0.604123357949 0.0808222643149 0.940274715097 0.256540609198 0.588298704183 0.806415074815 0 0.74300012974 0.995207585323 0.810933890803 0.856908012835 0.428606682725 0.0182014552761 0.597040811001 0.0856428102771 0.540882874966 0.354834595409 0.436278800473 0.824647228497 0.461504551856 0.465268421482 0.945773380018 0.112808031491 0.0865094902792 0.74937649808 0.523164179287 0.118785000816 0.971493207254 0.29005777372 0.87260888187 0.87823819243 0.0856656208676 0.386549863465 0.0444673725351 0.406706921476 0.967828768135 0.865245747183 0.522787582261 0.169076416305 0.703581294648 0.263764387031 0.441293199424 0.498032471724 0.117505692139 0.719936868873 0.829093745172 0.647882639122 0.20446511947
0.711233268825 0.660138497907 0.0506571149702 0.99226469125 0.247368215463 0.475847343571 0.46063471903 0.742244087149 0.523758117453 0.483896785099 0.00221122334408 0.476162378831 0.74300012974 0 0.40223523104 0.237920101148 0.961045972295 0.28172056679 0.301375220426 0.314611165057 0.0671380636853 0.595336386407 0.621549018395 0.0232090962131 0.360353331787 0.735371553555 0.605275201979 0.254834793007 0.381494716835 0.252281414141 0.980964511446 0.424360664202 0.569021880259 0.75098071021 0.513572723884 0.386973723115 0.507681832764 0.053019380322 0.82359876682 0.153960252647 0.0657606302955 0.918790806347 0.18967640104 0.0650491791368 0.0566278276444 0.370287601523 0.000234508446932 0.746845592422 0.891835667688 0.393357137702 0.644913162983 0.989245309004 0.691213294045 0.715186038234
0.566974104584 0.181941469243 0.0622433918631 0.581068409615 0.444742026217 0.766719140174 0.249174700796 0.389013519592 0.882884208366 0.417008630786 0.0751957879105 0.849811542765 0.995207585323 0.40223523104 0 0.687691135598 0.326141179935 0.731980580879 0.757711988566 0.175889892923 0.99470664725 0.997534349666 0.326746192027 0.559545242317 0.0692292690745 0.044473245115 0.12233981404 0.00276115241415 0.655183946862 0.415920286266 0.215731804041 0.860773157695 0.402871963584 0.575074810843 0.113224971458 0.1676333378 0.644424405519 0.395778175062 0.376495357164 0.135056016163 0.109789667625 0.145500801575 0.309585783717 0.587592823087 0.43013241943 0.76191529919 0.830594789476 0.314839322289 0.250678399064 0.344849446418 0.680798530407 0.175755213478 0.186678262607 0.625131479572
0.464129438628 0.945670815649 0.516537571629 0.207464939059 0.260396554257 0.290659414382 0.0607491501756 0.588543669027 0.464938152938 0.5757202919 0.22918342323 0.254059752888 0.810933890803 0.237920101148 0.687691135598 0 0.0550439605403 0.274338036287 0.4042579716 0.659649553689 0.393413646927 0.656930294028 0.087755786922 0.82774354681 0.0445230613027 0.404067302605 0.764547584426 0.0934078866447 0.192038567128 0.146059535095 0.680367793351 0.498157877966 0.602182459276 0.301398478939 0.136136052946 0.584709067526 0.439850857787 0.42948955717 0.442576386758 0.662183812182 0.383559201256 0.57521225216 0.321685670131 0.476059182599 0.985636746276 0.465809201343 0.896467814236 0.428575053282 0.777981569112 0.496151575576 0.550994367287 0.649221368133 0.203406631382 0.469290904136
0.977176185273 0.968972666346 0.733173192338 0.808006652222 0.436806177595 0.749585045331 0.359751078801 0.340839507576 0.26877981761 0.697733195099 0.661594976957 0.00843932266142 0.856908012835 0.961045972295 0.326141179935 0.0550439605403 0 0.346567602047 0.349472189946 0.191041367829 0.581604898289 0.627601564632 0.559041579714 0.103956936397 0.167866270696 0.815360196377 0.226885285521 0.0774586499865 0.879299537597 0.325433944649 0.0854061576201 0.0865752215571 0.13887931068 0.20965670214 0.149808346673 0.868230837794 0.850818297197 0.876764549994 0.357173124006 0.804827186766 0.346665179951 0.756748087594 0.185788182762 0.145436083616 0.488169496683 0.430841501531 0.988964806537 0.260138958844 0.722529744816 0.858360151638 0.189441960382 0.322775583377 0.419943180664 0.532730693366
0.722029794443 0.158423132377 0.21590179024 0.53985887475 0.4593140559 0.909360467361 0.95668268388 0.7905908817 0.989782920575 0.866942241498 0.0122107547031 0.722587787536 0.428606682725 0.28172056679 0.731980580879 0.274338036287 0.346567602047 0 0.244497883762 0.0607751904161 0.415530776537 0.209729814104 0.803276198325 0.347866221312 0.606886071227 0.778195301281 0.643798344392 0.415903912039 0.852042517052 0.370377982282 0.971027169719 0.200818848021 0.62004860971 0.142295679256 0.521096619588 0.875654910798 0.970957889606 0.119219572816 0.384945442897 0.342552405096 0.671401990375 0.780314725458 0.929440040496 0.396302737433 0.781784583698 0.206389495174 0.467122333537 0.623147424485 0.946096625884 0.0209903147468 0.673598643697 0.230706892869 0.563104304782 0.0719808205188
0.0765218779365 0.76250556744 0.615821369804 0.864765946622 0.857644130081 0.509982231678 0.845773438635 0.973591389253 0.891223109608 0.556399289622 0.0521260559409 0.695824973241 0.0182014552761 0.301375220426 0.757711988566 0.4042579716 0.349472189946 0.244497883762 0 0.51032120178 0.5754692163 0.646134698703 0.787187645108 0.754310742248 0.296120823523 0.409485066722 0.55904322476 0.571383725968 0.742331375646 0.522529601979 0.696345983871 0.318894237546 0.590519230566 0.634351297912 0.139996590332 0.0964635873392 0.603519981185 0.989723623539 0.500954779066 0.93475134924 0.467818789542 0.37570857577 0.837161228177 0.73149126573 0.827714437926 0.907747967208 0.0919319984475 0.059734495943 0.31445547931 0.57408294274 0.160281741855 0.113084515005 0.634065422369 0.976592981825
0.357997560578 0.22401268514 0.861496609154 0.418687781118 0.480803105863 0.247241688865 0.454933037733 0.68328172195 0.691193899266 0.142086173909 0.866838030222 0.900038391709 0.597040811001 0.314611165057 0.175889892923 0.659649553689 0.191041367829 0.0607751904161 0.51032120178 0 0.435813411514 0.606373754261 0.479283358239 0.747252472079 0.115357143337 0.446066027661 0.748157029147 0.658824945424 0.402202308207 0.780362282691 0.247847902385 0.580939578756 0.0793776154547 0.601825817155 0.870024031933 0.592048311502 0.540638559873 0.824932524146 0.792770087716 0.834323213427 0.987523281848 0.418822774176 0.203860055735 0.104756384731 0.609630582721 0.779497652926 0.196907075974 0.595985930151 0.496100682943 0.309356732352 0.783586249967 0.841333561197 0.993538555476 0.0825570325584
0.828694553109 0.250665388602 0.13648171742 0.451597739862 0.924290018347 0.31081707311 0.871434375752 0.245677629288 0.388692840267 0.233005137453 0.630703072651 0.0986604625294 0.0856428102771 0.0671380636853 0.99470664725 0.393413646927 0.581604898289 0.415530776537 0.5754692163 0.435813411514 0 0.444163127073 0.503170299128 0.70862974311 0.46023178314 0.255102496588 0.698808662203 0.0792060854841 0.262602548271 0.0830375840151 0.408115421163 0.558294779966 0.373566806612 0.11967289884 0.762416413043 0.21761211205 0.917554447029 0.877180903323 0.671517928264 0.942505185555 0.872149796203 0.469836161333 0.836524864072 0.216009524002 0.40063977665 0.887184131499 0.850637778693 0.561094546354 0.693392827865 0.774459041642 0.846160807955 0.107420936232 0.64418616749 0.819077510228
0.410939885279 0.620489372991 0.730061472908 0.598728299653 0.906936611005 0.284510904998 0.0227811539262 0.902115587904 0.851869221504 0.763980959667 0.784413871283 0.582289781777 0.540882874966 0.595336386407 0.997534349666 0.656930294028 0.627601564632 0.209729814104 0.646134698703 0.606373754261 0.444163127073 0 0.286815460418 0.874697995122 0.797406910927 0.257486989345 0.144028933287 0.500289476542 0.446459696861 0.262930371287 0.589307795605 0.585239693592 0.521766080915 0.815342262592 0.555351849166 0.783532005004 0.908491057766 0.989557451426 0.95250581172 0.755283773665 0.468773164788 0.400767356526 0.166872172422 0.178117802593 0.625870388753 0.557646897784 0.880915546765 0.392733028193 0.694035918999 0.170544088176 0.244859312754 0.954189096893 0.222575317191 0.00383978221335
0.190783181799 0.768386295877 0.202574671047 0.612929157997 0.55051167633 0.183277804803 0.217132895251 0.984207469467 0.0915255945113 0.630071481274 0.882517230093 0.0871284387351 0.354834595409 0.621549018395 0.326746192027 0.087755786922 0.559041579714 0.803276198325 0.787187645108 0.479283358239 0.503170299128 0.286815460418 0 0.28976652387 0.519495407127 0.979160364422 0.910879687244 0.692540895528 0.662667275467 0.582535310176 0.0316766344187 0.220476392664 0.212237424267 0.144569588632 0.427821277682 0.780188510601 0.00601080718049 0.108447098384 0.0231203600673 0.107004897214 0.921170977973 0.588332071952 0.421085178212 0.358645176321 0.730457797463 0.180930878894 0.456439706413 0.0703232368304 0.388417564949 0.574415729877 0.817197471086 0.298101184855 0.66471187406 0.997029670213
0.0949556015023 0.423346157074 0.387554172735 0.854499195225 0.536868092416 0.703874127606 0.505907259038 0.896967583435 0.202220273525 0.0519620272654 0.666653414323 0.553857520354 0.436278800473 0.0232090962131 0.559545242317 0.82774354681 0.103956936397 0.347866221312 0.754310742248 0.747252472079 0.70862974311 0.874697995122 0.28976652387 0 0.358522888318 0.488691741732 0.570332191785 0.94418518744 0.906451660049 0.70479440499 0.89196249512 0.432753412809 0.803899994612 0.715199865812 0.889071730452 0.582936809898 0.290633520444 0.145020339702 0.910737288978 0.879378482177 0.92374052975 0.404323360539 0.217507669874 0.439942161045 0.488370765241 0.262959796869 0.0704371297501 0.654355178128 0.00200442455728 0.0358412057904 0.0474786494962 0.796477529063 0.933832158862 0.14580600388
0.786807002732 0.453987856686 0.221898810064 0.335927038903 0.764486406769 0.754039277776 0.469715276249 0.0547984401063 0.0046653726134 0.485623428422 0.671538069673 0.177676467699 0.824647228497 0.360353331787 0.0692292690745 0.0445230613027 0.167866270696 0.606886071227 0.296120823523 0.115357143337 0.46023178314 0.797406910927 0.519495407127 0.358522888318 0 0.967390929957 0.504731698979 0.875153127922 0.735709189354 0.507812131535 0.879362664248 0.276362123134 0.997136798383 0.714654499073 0.481831342181 0.520970396064 0.111638542254 0.0114304369279 0.652711240889 0.269664043697 0.946108612589 0.201007429079 0.870546484498 0.455426911127 0.695814250616 0.00425197302725 0.750977626783 0.848974798119 0.723676839695 0.386936268734 0.297151508694 0.695019942852 0.181732454125 0.471872460005
0.225783878901 0.859054515807 0.254692148037 0.536677300878 0.144950623814 0.538026549122 0.919258213981 0.156752170533 0.301899569147 0.841835678945 0.183707266392 0.279124038676 0.461504551856 0.735371553555 0.044473245115 0.404067302605 0.815360196377 0.778195301281 0.409485066722 0.446066027661 0.255102496588 0.257486989345 0.979160364422 0.488691741732 0.967390929957 0 0.11422447954 0.788409821387 0.423425552448 0.384701776097 0.319047297045 0.640122495331 0.696704604787 0.0106645612623 0.800255526786 0.386317721803 0.745483133455 0.718071207779 0.701350751077 0.794496760704 0.00291417617254 0.948858856374 0.982092513681 0.259076002274 0.383207097981 0.905226831966 0.146403999698 0.744355400436 0.123402429795 0.204382835825 0.0583947618238 0.910882881444 0.585449763078 0.813887717385
0.238428540643 0.850599928516 0.23136725429 0.114590753775 0.798825254061 0.635668421459 0.573135946408 0.785387312246 0.981274370153 0.795872255844 0.880123726333 0.480987628356 0.465268421482 0.605275201979 0.12233981404 0.764547584426 0.226885285521 0.643798344392 0.55904322476 0.748157029147 0.698808662203 0.144028933287 0.910879687244 0.570332191785 0.504731698979 0.11422447954 0 0.870189969383 0.790139674388 0.126679478196 0.646912373512 0.407849532767 0.166731559509 0.10274488878 0.754238898006 0.284314063212 0.987785096191 0.518677449527 0.38416563963 0.404048127397 0.50679578599 0.334615783215 0.870853834334 0.00920655300879 0.344697235754 0.101288936218 0.760334492655 0.847347254188 0.869399269675 0.38843609046 0.683125550009 0.984167121473 0.717984807004 0.796930346323
0.0644385319295 0.972877651746 0.0131812197438 0.469490011363 0.815175113015 0.640337973526 0.773584586855 0.679405951318 0.16971376234 0.883010909712 0.512614323367 0.595727762256 0.945773380018 0.254834793007 0.00276115241415 0.0934078866447 0.0774586499865 0.415903912039 0.571383725968 0.658824945424 0.0792060854841 0.500289476542 0.692540895528 0.94418518744 0.875153127922 0.788409821387 0.870189969383 0 0.715444106918 0.659263196913 0.815813046238 0.671331133781 0.808465454933 0.910398806433 0.717132934127 0.253157014648 0.772513172726 0.386815124939 0.71590225439 0.492943097949 0.389557715462 0.0285801942494 0.352608271893 0.140004424048 0.650449860484 0.769526665495 0.681745125845 0.18456276417 0.872257852128 0.430208839725 0.52705901436 0.227502119337 0.954501406581 0.0431807567591
0.106668736231 0.12098449751 0.135813545761 0.311902165291 0.965456787732 0.231786526982 0.582569993502 0.371561976734 0.73509391894 0.00969808782851 0.597314548054 0.805650150162 0.112808031491 0.381494716835 0.655183946862 0.192038567128 0.879299537597 0.852042517052 0.742331375646 0.402202308207 0.262602548271 0.446459696861 0.662667275467 0.906451660049 0.735709189354 0.423425552448 0.790139674388 0.715444106918 0 0.419683902542 0.335700992205 0.0278734110895 0.131142849856 0.751561724224 0.665608474992 0.0659263199678 0.13467504996 0.237001684921 0.428667625659 0.172982889537 0.0743301100012 0.692484310296 0.0971849743161 0.999471458353 0.762871451733 0.0579042430478 0.21308026274 0.126535850791 0.280307009531 0.308286193526 0.722466847893 0.177352209722 0.215460640529 0.520239716964
0.648680224881 0.361176624329 0.202664072996 0.21967401647 0.693099120964 0.00194551259138 0.581813968048 0.343221460588 0.910704597653 0.211753727435 0.436713981569 0.896118054134 0.0865094902792 0.252281414141 0.415920286266 0.146059535095 0.325433944649 0.370377982282 0.522529601979 0.780362282691 0.0830375840151 0.262930371287 0.582535310176 0.70479440499 0.507812131535 0.384701776097 0.126679478196 0.659263196913 0.419683902542 0 0.255373191308 0.130588293692 0.422033837516 0.273397273288 0.236405697726 0.323378317594 0.314512925918 0.789795667281 0.55438785209 0.587920226307 0.836880232629 0.80917335574 0.397741646582 0.0858664521115 0.446244438864 0.0964682335634 0.187975562895 0.181668023795 0.00091288627 0.884813995464 0.442099859127 0.638835847677 0.292718252852 0.753005625851
0.411540444364 0.901656212912 0.354766460903 0.932177175621 0.165819988783 0.384227386978 0.695210902281 0.589159879039 0.874679625987 0.816515166287 0.81431601013 0.311216893964 0.74937649808 0.980964511446 0.215731804041 0.680367793351 0.0854061576201 0.971027169719 0.696345983871 0.247847902385 0.408115421163 0.589307795605 0.0316766344187 0.89196249512 0.879362664248 0.319047297045 0.646912373512 0.815813046238 0.335700992205 0.255373191308 0 0.465010203545 0.00270142304698 0.0270443691463 0.420325826856 0.172675452499 0.30660019019 0.90122327288 0.480637327763 0.417415899873 0.826468507575 0.692992463667 0.969596313477 0.211752591959 0.395454841293 0.299695355266 0.682207962582 0.491801347458 0.567468734093 0.506127185793 0.191503246455 0.796218792638 0.725418369871 0.24830055457
0.965987506616 0.17554421538 0.563440332846 0.69663292555 0.779857954932 0.948442799374 0.899333880069 0.24069021161 0.240214739641 0.331844135948 0.96995288731 0.493453567802 0.523164179287 0.424360664202 0.860773157695 0.498157877966 0.0865752215571 0.200818848021 0.318894237546 0.580939578756 0.558294779966 0.585239693592 0.220476392664 0.432753412809 0.276362123134 0.640122495331 0.407849532767 0.671331133781 0.0278734110895 0.130588293692 0.465010203545 0 0.801532229588 0.471897322223 0.498129433337 0.029491840328 0.719000725714 0.539552265217 0.424498186999 0.780968135853 0.803887482493 0.321363102496 0.358180698387 0.544337864446 0.921514467509 0.47144540422 0.584206998217 0.217979286563 0.374589480733 0.769764982208 0.0333082350166 0.234677659386 0.349005371817 0.624119628169
0.265365108386 0.382772680175 0.336879749903 0.719781234048 0.987837161842 0.514756282779 0.801372651186 0.34345493594 0.920436082063 0.221842019686 0.824927596867 0.303777522585 0.118785000816 0.569021880259 0.402871963584 0.602182459276 0.13887931068 0.62004860971 0.590519230566 0.0793776154547 0.373566806612 0.521766080915 0.212237424267 0.803899994612 0.997136798383 0.696704604787 0.166731559509 0.808465454933 0.131142849856 0.422033837516 0.00270142304698 0.801532229588 0 0.568667752333 0.6246334072 0.993677039463 0.526052153228 0.400771616574 0.537408649009 0.770790663623 0.266321780131 0.572098338345 0.431578385638 0.00233005422224 0.248982956486 0.567414580563 0.665008556318 0.577404018537 0.842888417564 0.905755380981 0.254590918329 0.773130455769 0.972697342352 0.00155906932288
0.96007330356 0.119268754678 0.149819306079 0.928433927412 0.777911757786 0.287869375029 0.942783740856 0.557814747928 0.56859179704 0.038541144597 0.884000544933 0.112524044938 0.971493207254 0.75098071021 0.575074810843 0.301398478939 0.20965670214 0.142295679256 0.634351297912 0.601825817155 0.11967289884 0.815342262592 0.144569588632 0.715199865812 0.714654499073 0.0106645612623 0.10274488878 0.910398806433 0.751561724224 0.273397273288 0.0270443691463 0.471897322223 0.568667752333 0 0.524474742073 0.710781219233 0.365078732084 0.149117290361 0.118387218213 0.584083455661 0.638825076712 0.320916023663 0.584419124215 0.413063429511 0.758069588131 0.752914532691 0.159507795438 0.635198369619 0.21672940711 0.877193482418 0.0521708100873 0.564240076097 0.64966323374 0.660474092912
0.854273613259 0.300620302601 0.548051019296 0.278038949884 0.866537282008 0.307049754124 0.790491791754 0.473035747232 0.736347271816 0.5204502973 0.413918100562 0.346533707221 0.29005777372 0.513572723884 0.113224971458 0.136136052946 0.149808346673 0.521096619588 0.139996590332 0.870024031933 0.762416413043 0.555351849166 0.427821277682 0.889071730452 0.481831342181 0.800255526786 0.754238898006 0.717132934127 0.665608474992 0.236405697726 0.420325826856 0.498129433337 0.6246334072 0.524474742073 0 0.117777684194 0.879101156518 0.306182489653 0.339419135875 0.392933984507 0.126919002224 0.478465686468 0.358470592054 0.743018048452 0.965956539233 0.876982514924 0.872808912304 0.837630513999 0.592553192154 0.741608516361 0.16255646398 0.180314574504 0.331410919368 0.314046210667
0.224987604612 0.3258046274 0.833251726711 0.822588201396 0.18852130712 0.131739977571 0.622681383169 0.140079995565 0.562871803778 0.576956347432 0.738177954218 0.487323051228 0.87260888187 0.386973723115 0.1676333378 0.584709067526 0.868230837794 0.875654910798 0.0964635873392 0.592048311502 0.21761211205 0.783532005004 0.780188510601 0.582936809898 0.520970396064 0.386317721803 0.284314063212 0.253157014648 0.0659263199678 0.323378317594 0.172675452499 0.029491840328 0.993677039463 0.710781219233 0.117777684194 0 0.648639520232 0.127915106478 0.0596122479552 0.262107548796 0.800211004233 0.173069823896 0.494299392551 0.507301024877 0.887217311779 0.729335524386 0.304593867292 0.440572622518 0.751526424394 0.481249250487 0.557149411177 0.599265181509 0.397924593117 0.127379279588
0.221045664536 0.807749779218 0.479719035836 0.704256156694 0.681525612393 0.481848014709 0.779482867986 0.64579300046 0.228629302392 0.816243072961 0.625616452999 0.79592631275 0.87823819243 0.507681832764 0.644424405519 0.439850857787 0.850818297197 0.970957889606 0.603519981185 0.540638559873 0.917554447029 0.908491057766 0.00601080718049 0.290633520444 0.111638542254 0.745483133455 0.987785096191 0.772513172726 0.13467504996 0.314512925918 0.30660019019 0.719000725714 0.526052153228 0.365078732084 0.879101156518 0.648639520232 0 0.636132740419 0.98512122178 0.734636208663 0.0242390746692 0.842929760277 0.0774250367 0.914620230964 0.999099056259 0.219399013894 0.566433745158 0.504410303662 0.89693685563 0.302048002847 0.182564020236 0.926140267484 0.58433981487 0.225127536476
0.308164113467 0.264366277177 0.12418422795 0.648812703275 0.831751926712 0.794419218973 0.604551575657 0.128734137735 0.920954958924 0.699200956914 0.607106916907 0.889025358895 0.0856656208676 0.053019380322 0.395778175062 0.42948955717 0.876764549994 0.119219572816 0.989723623539 0.824932524146 0.877180903323 0.989557451426 0.108447098384 0.145020339702 0.0114304369279 0.718071207779 0.518677449527 0.386815124939 0.237001684921 0.789795667281 0.90122327288 0.539552265217 0.400771616574 0.149117290361 0.306182489653 0.127915106478 0.636132740419 0 0.488010410419 0.787370557994 0.765935229647 0.410421002042 0.143080541692 0.17659325077 0.248440005586 0.956789617823 0.844178082477 0.0403696481425 0.965445724007 0.733508186217 0.767754239234 0.0814913125773 0.0236788534532 0.244871975704
0.116814346956 0.105669197747 0.513775710761 0.610088607156 0.695035238816 0.698434975256 0.525201786773 0.697430745684 0.119053324913 0.139637004368 0.557206567516 0.752309308585 0.386549863465 0.82359876682 0.376495357164 0.442576386758 0.357173124006 0.384945442897 0.500954779066 0.792770087716 0.671517928264 0.95250581172 0.0231203600673 0.910737288978 0.652711240889 0.701350751077 0.38416563963 0.71590225439 0.428667625659 0.55438785209 0.480637327763 0.424498186999 0.537408649009 0.118387218213 0.339419135875 0.0596122479552 0.98512122178 0.488010410419 0 0.344312811815 0.218336748999 0.813305240607 0.541306564699 0.643474328088 0.82568004948 0.243741928755 0.584725084159 0.928923037672 0.485860195327 0.613797538629 0.776414570148 0.18686448772 0.185580782685 0.670734718975
0.517999644701 0.118854915407 0.622770910163 0.83782554231 0.0260169810788 0.382046552976 0.708408756772 0.497436204971 0.588385412606 0.468078285251 0.817022514987 0.205564053783 0.0444673725351 0.153960252647 0.135056016163 0.662183812182 0.804827186766 0.342552405096 0.93475134924 0.834323213427 0.942505185555 0.755283773665 0.107004897214 0.879378482177 0.269664043697 0.794496760704 0.404048127397 0.492943097949 0.172982889537 0.587920226307 0.417415899873 0.780968135853 0.770790663623 0.584083455661 0.392933984507 0.262107548796 0.734636208663 0.787370557994 0.344312811815 0 0.982505745773 0.327313463165 0.860253006702 0.8413951904 0.94630728479 0.595638983586 0.19413256537 0.573983471368 0.164521478475 0.356655945338 0.527485856379 0.621821026176 0.816319231814 0.557072228339
0.296770060482 0.500844016134 0.294704957593 0.569813945663 0.363742652062 0.581204010224 0.813516140663 0.263856550808 0.449026809298 0.417453074087 0.332235380985 0.132155369561 0.406706921476 0.0657606302955 0.109789667625 0.383559201256 0.346665179951 0.671401990375 0.467818789542 0.987523281848 0.872149796203 0.468773164788 0.921170977973 0.92374052975 0.946108612589 0.00291417617254 0.50679578599 0.389557715462 0.0743301100012 0.836880232629 0.826468507575 0.803887482493 0.266321780131 0.638825076712 0.126919002224 0.800211004233 0.0242390746692 0.765935229647 0.218336748999 0.982505745773 0 0.0215421659762 0.89262698098 0.698006655821 0.273080856912 0.944200719647 0.0178215968822 0.688981318499 0.523116412487 0.497260521449 0.890464699293 0.742413998975 0.217462163602 0.395697725727
0.899253509213 0.617458640847 0.345200918837 0.615856962339 0.264355531932 0.553020139476 0.367075233146 0.38373058449 0.161081092317 0.877893792238 0.140591651821 0.788843699737 0.967828768135 0.918790806347 0.145500801575 0.57521225216 0.756748087594 0.780314725458 0.37570857577 0.418822774176 0.469836161333 0.400767356526 0.588332071952 0.404323360539 0.201007429079 0.948858856374 0.334615783215 0.0285801942494 0.692484310296 0.80917335574 0.692992463667 0.321363102496 0.572098338345 0.320916023663 0.478465686468 0.173069823896 0.842929760277 0.410421002042 0.813305240607 0.327313463165 0.0215421659762 0 0.627607856838 0.976880737405 0.500580359122 0.131845529272 0.66735941428 0.710724751638 0.759003553968 0.985311417321 0.742286075345 0.945889978809 0.544909217265 0.27995665687
0.35127239298 0.0106774315306 0.658435213524 0.333982958624 0.352559269265 0.87872001076 0.088026469705 0.541588218174 0.0445671976536 0.544582982779 0.502674033601 0.44550494615 0.865245747183 0.18967640104 0.309585783717 0.321685670131 0.185788182762 0.929440040496 0.837161228177 0.203860055735 0.836524864072 0.166872172422 0.421085178212 0.217507669874 0.870546484498 0.982092513681 0.870853834334 0.352608271893 0.0971849743161 0.397741646582 0.969596313477 0.358180698387 0.431578385638 0.584419124215 0.358470592054 0.494299392551 0.0774250367 0.143080541692 0.541306564699 0.860253006702 0.89262698098 0.627607856838 0 0.801615859911 0.298272316822 0.974714662592 0.442433275499 0.798025612831 0.165065198263 0.82536791242 0.0087191427226 0.583558054417 0.885541201175 0.716146524635
0.205060181688 0.76541134919 0.035043374739 0.517401651303 0.0784004414459 0.123613439238 0.90678223475 0.779661222614 0.414770489388 0.0790248219031 0.916769906026 0.540983717101 0.522787582261 0.0650491791368 0.587592823087 0.476059182599 0.145436083616 0.396302737433 0.73149126573 0.104756384731 0.216009524002 0.178117802593 0.358645176321 0.439942161045 0.455426911127 0.259076002274 0.00920655300879 0.140004424048 0.999471458353 0.0858664521115 0.211752591959 0.544337864446 0.00233005422224 0.413063429511 0.743018048452 0.507301024877 0.914620230964 0.17659325077 0.643474328088 0.8413951904 0.698006655821 0.976880737405 0.801615859911 0 0.0883976911147 0.328896384061 0.379167462788 0.958481219051 0.414447243122 0.536383151712 0.665534685478 0.94458245596 0.157310104346 0.621475352723
0.0927297764922 0.0100507263749 0.835746999711 0.477908856186 0.110538905255 0.258838273232 0.144440188745 0.960950187042 0.26252178284 0.931522362837 0.837451555734 0.172426531942 0.169076416305 0.0566278276444 0.43013241943 0.985636746276 0.488169496683 0.781784583698 0.827714437926 0.609630582721 0.40063977665 0.625870388753 0.730457797463 0.488370765241 0.695814250616 0.383207097981 0.344697235754 0.650449860484 0.762871451733 0.446244438864 0.395454841293 0.921514467509 0.248982956486 0.758069588131 0.965956539233 0.887217311779 0.999099056259 0.248440005586 0.82568004948 0.94630728479 0.273080856912 0.500580359122 0.298272316822 0.0883976911147 0 0.106937274144 0.350846080008 0.768189892453 0.143045840544 0.449581486648 0.214907349327 0.0718904420594 0.571412641529 0.690902230052
0.0479731210788 0.151944615513 0.281686805833 0.796548279728 0.467152214843 0.280745773819 0.939763675927 0.845564323298 0.582541454001 0.781731749152 0.580256662646 0.933321455969 0.703581294648 0.370287601523 0.76191529919 0.465809201343 0.430841501531 0.206389495174 0.907747967208 0.779497652926 0.887184131499 0.557646897784 0.180930878894 0.262959796869 0.00425197302725 0.905226831966 0.101288936218 0.769526665495 0.0579042430478 0.0964682335634 0.299695355266 0.47144540422 0.567414580563 0.752914532691 0.876982514924 0.729335524386 0.219399013894 0.956789617823 0.243741928755 0.595638983586 0.944200719647 0.131845529272 0.974714662592 0.328896384061 0.106937274144 0 0.672962571045 0.622129103713 0.249862499574 0.806709522896 0.91974554233 0.020140915739 0.85058669976 0.859810268919
0.8771825511 0.762417026217 0.843147435383 0.14171417147 0.6864465497 0.20451813216 0.674889566121 0.827086377329 0.784755908942 0.807920994927 0.720570360401 0.459737582722 0.263764387031 0.000234508446932 0.830594789476 0.896467814236 0.988964806537 0.467122333537 0.0919319984475 0.196907075974 0.850637778693 0.880915546765 0.456439706413 0.0704371297501 0.750977626783 0.146403999698 0.760334492655 0.681745125845 0.21308026274 0.187975562895 0.682207962582 0.584206998217 0.665008556318 0.159507795438 0.872808912304 0.304593867292 0.566433745158 0.844178082477 0.584725084159 0.19413256537 0.0178215968822 0.66735941428 0.442433275499 0.379167462788 0.350846080008 0.672962571045 0 0.348254888261 0.521727377621 0.777646380657 0.495451714261 0.844907035587 0.394342705219 0.932506890488
0.0761593381382 0.449552978095 0.660288684697 0.190556069329 0.303108042421 0.804244878979 0.79675627644 0.738263743253 0.232524169158 0.182438677417 0.383498403012 0.992479693703 0.441293199424 0.746845592422 0.314839322289 0.428575053282 0.260138958844 0.623147424485 0.059734495943 0.595985930151 0.561094546354 0.392733028193 0.0703232368304 0.654355178128 0.848974798119 0.744355400436 0.847347254188 0.18456276417 0.126535850791 0.181668023795 0.491801347458 0.217979286563 0.577404018537 0.635198369619 0.837630513999 0.440572622518 0.504410303662 0.0403696481425 0.928923037672 0.573983471368 0.688981318499 0.710724751638 0.798025612831 0.958481219051 0.768189892453 0.622129103713 0.348254888261 0 0.290507249711 0.143498999839 0.358067717381 0.512443616573 0.447461137303 0.387666497637
0.507978094538 0.471300725409 0.466667726632 0.491318805265 0.620169910184 0.62631674186 0.836919011959 0.389088355816 0.0403054802692 0.353363178881 0.410406741035 0.0334067117039 0.498032471724 0.891835667688 0.250678399064 0.777981569112 0.722529744816 0.946096625884 0.31445547931 0.496100682943 0.693392827865 0.694035918999 0.388417564949 0.00200442455728 0.723676839695 0.123402429795 0.869399269675 0.872257852128 0.280307009531 0.00091288627 0.567468734093 0.374589480733 0.842888417564 0.21672940711 0.592553192154 0.751526424394 0.89693685563 0.965445724007 0.485860195327 0.164521478475 0.523116412487 0.759003553968 0.165065198263 0.414447243122 0.143045840544 0.249862499574 0.521727377621 0.290507249711 0 0.0151294618377 0.721843661794 0.50629057091 0.71054358069 0.921054781249
0.345303079439 0.714467686478 0.264587536082 0.906477888078 0.0982280099434 0.00618537094444 0.476151116504 0.325438993803 0.259024606911 0.0232919650806 0.63851302978 0.583475103453 0.117505692139 0.393357137702 0.344849446418 0.496151575576 0.858360151638 0.0209903147468 0.57408294274 0.309356732352 0.774459041642 0.170544088176 0.574415729877 0.0358412057904 0.386936268734 0.204382835825 0.38843609046 0.430208839725 0.308286193526 0.884813995464 0.506127185793 0.769764982208 0.905755380981 0.877193482418 0.741608516361 0.481249250487 0.302048002847 0.733508186217 0.613797538629 0.356655945338 0.497260521449 0.985311417321 0.82536791242 0.536383151712 0.449581486648 0.806709522896 0.777646380657 0.143498999839 0.0151294618377 0 0.401872932292 0.405010413947 0.578606619557 0.958655308916
