5
2
2
17
5.22465540411
0 0.562009233593 0.000507660594609 0.587402603563 0.252140253463 0.486911441376 0.00084417619568 0.350949971042 0.675946353701 0.574291499699 0.171258570305 0.596835263598 0.693756444389 0.657443287092 0.391836565846 0.917231038126 0.142989782987 0.799466129135 0.607186917167 0.77928056968 0.34778836151 0.504373194261 0.340950258486 0.842915829687 0.23366149643 0.226314477813 0.608340594632 0.334667992475 0.716719619469 0.419417299307 0.672342872293 0.483321768975 0.780829192244 0.664069911672 0.00548268799286 0.740905324019 0.296564137284 0.101931366705 0.962603790788 0.28453901533 0.556239276144 0.905134907001 0.172048851984 0.607333215609 0.154311495466 0.432194841707 0.816681842197 0.232845013211 0.0783855681422 0.703281986533 0.782622687241 0.587933893496 0.542502574933 0.0770396643027 0.533916587417 0.0418522458029 0.813737881412 0.378508773993 0.833601078638 0.356741254554 0.996015619494 0.549565323047 0.537015990243 0.659916979566 0.973169307098 0.136090111929 0.149670043903 0.894365317582
0.562009233593 0 0.847720472361 0.237310509169 0.831826719474 0.998153468891 0.725982121618 0.599326204994 0.0874574808667 0.722541868229 0.212006816843 0.361103593075 0.836662543692 0.60663902676 0.506264142095 0.441575927838 0.569800464997 0.156364536498 0.397980144086 0.589410028068 0.0485277378487 0.875980109798 0.297119402564 0.69618344781 0.888412560895 0.334228578046 0.332791718513 0.496367850579 0.117066947652 0.944077446014 0.245947767456 0.860337452496 0.648285446912 0.381055367372 0.0351181092028 0.200631170061 0.632728463473 0.465371158032 0.607168329766 0.0805229100764 0.929481408791 0.58746109739 0.596243412338 0.399422679567 0.0542867736205 0.525334539081 0.304417109081 0.88481122369 0.433336480422 0.352285070387 0.712475669166 0.0519085855995 0.074100619878 0.469705714882 0.028269558226 0.054963654823 0.280566696404 0.882953445811 0.615280198866 0.33484677409 0.546785730179 0.639844877985 0.703997698704 0.746423451442 0.813694183431 0.807288853399 0.224497471681 0.806620848364
0.000507660594609 0.847720472361 0 0.280161727663 0.370153171978 0.410722017267 0.0286118392731 0.0957774437285 0.107451715376 0.724575460826 0.598353167523 0.249623690696 0.860985043405 0.498690651027 0.914479173167 0.983724439904 0.0887027441257 0.39370310611 0.954379070482 0.633311429739 0.845900203788 0.163711509683 0.128410255159 0.21579715568 0.160981792448 0.803641847566 0.651822628289 0.402761185305 0.194944247795 0.771085418985 0.886876925708 0.562258059269 0.68250099929 0.38832487816 0.312522605794 0.650269989578 0.425411452254 0.604341279471 0.196468289619 0.324143728228 0.852440849247 0.862930001541 0.231902593198 0.177351405551 0.729101445842 0.193991159904 0.900241131974 0.386513680709 0.204006644542 0.246821040842 0.0694213476914 0.368436676912 0.956319561558 0.159151854331 0.0927534331078 0.617440225748 0.888777594741 0.244438140951 0.467201055836 0.565463722524 0.792239491547 0.798253760923 0.999734996848 0.456138924916 0.357045104341 0.667634667369 0.893729882488 0.420129161281
0.587402603563 0.237310509169 0.280161727663 0 0.66436623602 0.77162213327 0.668740050443 0.0856589093982 0.575258281646 0.975651619778 0.655649768215 0.334670810096 0.708165360703 0.302811245102 0.439101303271 0.245657143367 0.154886521541 0.33013151876 0.365568575987 0.969907737385 0.203805168066 0.0663114607312 0.245038562062 0.293414064283 0.843348271834 0.135527708071 0.268963889705 0.411299956889 0.197052373336 0.820810516094 0.997041078984 0.828886280467 0.703842244106 0.470813437747 0.930062668308 0.852837772612 0.463828684875 0.946947405965 0.877442602939 0.74171699299 0.457217137476 0.730275306648 0.293119238874 0.255640894677 0.285367653899 0.211983666415 0.993786153631 0.753832913102 0.218390910335 0.046706656823 0.300159012778 0.382065273837 0.233862675452 0.66054163693 0.476552334289 0.776410446961 0.59356680964 0.99164950888 0.0545667214408 0.7294401872 0.969726127585 0.547994782843 0.310165508128 0.988180109258 0.834602988187 0.790028917339 0.918296871649 0.225309199342
0.252140253463 0.831826719474 0.370153171978 0.66436623602 0 0.500013120053 0.529323579278 0.00717626796938 0.72991615119 0.07866102713 0.417995502869 0.524001792757 0.124762199146 0.437019421516 0.641780049643 0.499506141004 0.597754530014 0.903305023729 0.993027883027 0.470773921633 0.235237937773 0.511308287824 0.694433592169 0.986378594788 0.758234702228 0.983694627395 0.900047875986 0.876658319522 0.477292232188 0.0117125397138 0.748761635002 0.210708713825 0.314204857022 0.55358695216 0.790938467854 0.0895134184956 0.470109354091 0.111695559574 0.373449525217 0.291803531751 0.613366657916 0.446125699155 0.427515664237 0.366542781431 0.727683527304 0.827769661766 0.150591382073 0.58605371908 0.987875831357 0.000825341202405 0.608957061598 0.308641004976 0.224257671009 0.750900909719 0.877223179996 0.86351480362 0.851184610321 0.524105446099 0.948070672933 0.197406215257 0.0129428641535 0.459070956026 0.605465549334 0.346006083607 0.069411293286 0.477998150021 0.498807540943 0.315798991434
0.486911441376 0.998153468891 0.410722017267 0.77162213327 0.500013120053 0 0.290656520387 0.0990738635938 0.53231052916 0.0446340858842 0.709029490719 0.756123146716 0.649386148262 0.521139046978 0.808085937023 0.953369063502 0.254032808199 0.0732995591084 0.0273427408404 0.951732923935 0.711918582962 0.482099778725 0.368664286041 0.296999922185 0.729556548149 0.155063029302 0.862225751747 0.783427121428 0.101770419259 0.760506407745 0.594293515479 0.608982718196 0.447916482987 0.424422048052 0.885955923646 0.478383167479 0.599483787244 0.630322643135 0.797940631509 0.701267248032 0.716048377775 0.195541339395 0.231577920765 0.13024406648 0.445083229334 0.405177199422 0.719097208471 0.619153184898 0.429553996116 0.314127822416 0.00302299245642 0.108189579772 0.508858144899 0.0177286049629 0.950163071884 0.561960646459 0.728452467582 0.303037735002 0.520951148288 0.275756966667 0.200552958412 0.545253434538 0.601635686296 0.157670449939 0.111797567816 0.937869376932 0.367718934058 0.190736896126
0.00084417619568 0.725982121618 0.0286118392731 0.668740050443 0.529323579278 0.290656520387 0 0.704582959704 0.72653006698 0.796927506282 0.407326151492 0.0154500186837 0.725900352785 0.517085243746 0.898122225628 0.365566161969 0.238896716084 0.441424921591 0.11887181034 0.0886975080025 0.419063813081 0.0925402423081 0.115333694416 0.142546009086 0.359682885319 0.841511146754 0.385443420969 0.396310493802 0.626285811125 0.793197351356 0.950100923227 0.615279464578 0.420109454937 0.684717347237 0.870262141604 0.502326676495 0.204671042345 0.0495126856852 0.242342213425 0.235326403758 0.329338645165 0.507004544781 0.04725803998 0.24318702029 0.167773024809 0.664869048803 0.140704413814 0.796248520361 0.999935148957 0.18502188486 0.0403338055713 0.30570913395 0.965904866308 0.347832282332 0.150209600903 0.62540169128 0.713555849935 0.813180337816 0.222743180563 0.792511447147 0.347796613726 0.0930602970137 0.96798132105 0.199565148054 0.451028607527 0.331588829529 0.417868438722 0.726457271646
0.350949971042 0.599326204994 0.0957774437285 0.0856589093982 0.00717626796938 0.0990738635938 0.704582959704 0 0.577942215089 0.670847383815 0.136531744042 0.999864060483 0.504234848637 0.95431376372 0.605487257006 0.72885041388 0.523196801763 0.963854917895 0.808322063914 0.999402282922 0.063911570568 0.0248654705303 0.311535495362 0.712388620317 0.292719136219 0.371112832813 0.63589873434 0.446508443387 0.323601703458 0.935284577701 0.725759613201 0.265775618801 0.718046182654 0.321758120665 0.772498983171 0.958767526051 0.196088338582 0.132243621676 0.70996538503 0.505553920356 0.532686128041 0.876530791276 0.910960148519 0.230781554539 0.891200513256 0.351728870219 0.585526955934 0.0612971345 0.157458297951 0.418575573161 0.200700274245 0.952574469417 0.0804997802845 0.758191065123 0.156361532313 0.100846626767 0.723224185992 0.237253827862 0.354373041376 0.134555427043 0.416408639771 0.887566693139 0.137576818477 0.518473660787 0.414702613867 0.25805212245 0.036359310299 0.247984023002
0.675946353701 0.0874574808667 0.107451715376 0.575258281646 0.72991615119 0.53231052916 0.72653006698 0.577942215089 0 0.498196972523 0.611106422279 0.0747143856575 0.527263801072 0.445653796834 0.192099991118 0.789044598597 0.62369717214 0.895338893346 0.194383142673 0.447116582396 0.522878510947 0.622960624136 0.565358186765 0.704562076256 0.186305631227 0.753370919408 0.481489252479 0.74443303861 0.221907526274 0.653452097843 0.101668683392 0.0296148965666 0.499802192034 0.709679194098 0.209154508633 0.0117394018038 0.878350769819 0.204968952455 0.583790122036 0.638602934322 0.541996453789 0.975848890129 0.164205712553 0.74120687548 0.464650106146 0.654989880915 0.013364862749 0.353165849758 0.479581915324 0.315768629361 0.00485374467545 0.479304332969 0.419345579256 0.184417349837 0.467603518803 0.480991456199 0.20443379895 0.584422338058 0.509490429186 0.457828796593 0.446915637973 0.956197618535 0.0328787103123 0.47424078125 0.63254096124 0.743920240234 0.0239548050473 0.762747492875
0.574291499699 0.722541868229 0.724575460826 0.975651619778 0.07866102713 0.0446340858842 0.796927506282 0.670847383815 0.498196972523 0 0.285429463712 0.0447050765185 0.158102759057 0.668696657659 0.833751916539 0.710459406261 0.337622815443 0.98958403332 0.127642315008 0.688478688989 0.76637833542 0.345731152125 0.332852174094 0.624112736631 0.645629058357 0.732920901008 0.868610735398 0.203983711377 0.995939334711 0.729697711867 0.566912960687 0.954378094412 0.749186022558 0.608784189388 0.833275201918 0.413501466784 0.119040470238 0.997733723645 0.109721412449 0.991812395657 0.288454024991 0.253486919653 0.267296372191 0.559940828725 0.772865996567 0.732418517238 0.740267552043 0.46556185642 0.371364610835 0.85831068565 0.920471135963 0.635875082867 0.904934699611 0.281900097168 0.0323962861505 0.534575429717 0.474783532509 0.66753799994 0.839692653463 0.558639858886 0.735147697613 0.887085056274 0.419713922146 0.363674193161 0.257825938567 0.383648358573 0.588822355586 0.252567216479
0.171258570305 0.212006816843 0.598353167523 0.655649768215 0.417995502869 0.709029490719 0.407326151492 0.136531744042 0.611106422279 0.285429463712 0 0.433650442074 0.885159569282 0.955676223251 0.740383721972 0.0586238621173 0.450353118318 0.659624597603 0.354596780398 0.650014103534 0.845088029442 0.988156825101 0.765186093993 0.276577712807 0.512292254323 0.0668054580297 0.128215337144 0.838360112315 0.599221967505 0.237582345164 0.726250467388 0.0100545411546 0.439226077093 0.393511116812 0.123960681033 0.780865417162 0.587628665929 0.205472617951 0.380765775937 0.589625163262 0.617476659285 0.86246826576 0.899940267794 0.648735145073 0.0548609374646 0.551174876525 0.548128564479 0.575174939695 0.137486408904 0.0537645740066 0.152224746196 0.691716484284 0.693373865667 0.914368465971 0.609876854086 0.741710015107 0.343947709265 0.924621104944 0.00504298469405 0.332169215448 0.615479183418 0.659254526237 0.188600756215 0.795157573792 0.105903512632 0.773077135908 0.278391215717 0.879825145259
0.596835263598 0.361103593075 0.249623690696 0.334670810096 0.524001792757 0.756123146716 0.0154500186837 0.999864060483 0.0747143856575 0.0447050765185 0.433650442074 0 0.764493465519 0.619326492412 0.617256179434 0.758792219548 0.836416638459 0.943387829743 0.130896965564 0.475376342457 0.933727311178 0.457632576486 0.761186198597 0.39251475244 0.85256937631 0.695792623875 0.873278101286 0.0654675833598 0.985445766042 0.532826143542 0.0391581163083 0.0845791693784 0.977107554601 0.0940021364967 0.556851113147 0.413189600595 0.65606512977 0.661430048919 0.498851398285 0.00377365914708 0.249506102826 0.473782161726 0.447389802339 0.0500974163077 0.309944459145 0.170758780686 0.910872237097 0.930209606934 0.838579317867 0.995313535911 0.412482074722 0.19241540004 0.207122755364 0.48477748842 0.0601487843015 0.91663960787 0.00520155429831 0.46455146114 0.337958751197 0.523275683695 0.10753817623 0.00106601561015 0.0845384009589 0.0686581604388 0.236659367523 0.747548535886 0.368196262006 0.395716952495
0.693756444389 0.836662543692 0.860985043405 0.708165360703 0.124762199146 0.649386148262 0.725900352785 0.504234848637 0.527263801072 0.158102759057 0.885159569282 0.764493465519 0 0.168355059051 0.522241251263 0.762333093475 0.506659419753 0.707465999378 0.451032303458 0.597459950628 0.664421884313 0.694722587132 0.810850507868 0.478641423492 0.76572125091 0.00236447081652 0.433543886597 0.0936722118655 0.578833781424 0.749281893176 0.785023494471 0.591163014577 0.093029863688 0.844832901707 0.214049242923 0.627561772089 0.372817840987 0.752043416431 0.90129987552 0.717797762973 0.726079108196 0.558471915039 0.244268049305 0.157531163368 0.154797640615 0.173629754464 0.986375873294 0.132756914729 0.177901887216 0.803191413267 0.311881001671 0.722656245983 0.676960893941 0.159610138977 0.371140904237 0.229847650797 0.613545904219 0.618343360451 0.990065614047 0.210080593078 0.633009890136 0.540552167643 0.442016461452 0.301234562465 0.235800911521 0.738723625714 0.193723175543 0.459528071538
0.657443287092 0.60663902676 0.498690651027 0.302811245102 0.437019421516 0.521139046978 0.517085243746 0.95431376372 0.445653796834 0.668696657659 0.955676223251 0.619326492412 0.168355059051 0 0.684814523125 0.908186484321 0.563389145573 0.530035273196 0.350030562622 0.563103891098 0.154183319713 0.941862347092 0.440704123691 0.893884979806 0.806035011582 0.320733939912 0.0529946414041 0.508861504275 0.85178294025 0.446321886535 0.962613129732 0.442325513083 0.675609080016 0.0708787856534 0.317250053994 0.626205125044 0.490189549869 0.0549800850595 0.76711298503 0.253469500422 0.160841062417 0.191221131281 0.787968677273 0.263820465055 0.287570390855 0.293453193513 0.505995719591 0.627887273596 0.0341920983336 0.498719257572 0.00279448036309 0.175514459391 0.403174001485 0.761641035796 0.115958360989 0.403795023105 0.0414080693079 0.759196487929 0.328134638189 0.359122980904 0.0672820277854 0.431177911369 0.679895418041 0.340046959012 0.569777056704 0.357977077703 0.840461884247 0.0365595358213
0.391836565846 0.506264142095 0.914479173167 0.439101303271 0.641780049643 0.808085937023 0.898122225628 0.605487257006 0.192099991118 0.833751916539 0.740383721972 0.617256179434 0.522241251263 0.684814523125 0 0.733446427053 0.563094762781 0.816992582771 0.460123405309 0.945108495559 0.926394597074 0.941967748556 0.529749299135 0.687585540919 0.837575575149 0.945760896651 0.0301104811995 0.0261561411402 0.998439648773 0.322767369923 0.700145685305 0.182795330699 0.433033698384 0.495615837467 0.911257501095 0.453422388806 0.559529665885 0.801678247558 0.907331264892 0.929524597145 0.623076054875 0.318285753441 0.766173259181 0.184885592055 0.397754771149 0.951906629645 0.263970841063 0.0222177302702 0.0486758622561 0.288490057599 0.0961957232684 0.335241814583 0.735114328875 0.521363239199 0.831115488755 0.440060123498 0.911923906203 0.49090379679 0.739170855983 0.500276801603 0.939935683209 0.914292970952 0.134639879266 0.191606917061 0.913782232554 0.14412427706 0.508780056584 0.260154941137
0.917231038126 0.441575927838 0.983724439904 0.245657143367 0.499506141004 0.953369063502 0.365566161969 0.72885041388 0.789044598597 0.710459406261 0.0586238621173 0.758792219548 0.762333093475 0.908186484321 0.733446427053 0 0.272867984724 0.0398668547261 0.40404997125 0.760646847721 0.94035724773 0.510079758568 0.766095058638 0.141411685512 0.0664960740937 0.345849523826 0.166278123335 0.252078510057 0.112699764173 0.871822487806 0.803992882864 0.101332466046 0.298905299919 0.350206802704 0.652467153357 0.698702355004 0.670452463199 0.76235398982 0.541878681165 0.650872410498 0.265048643531 0.468696145123 0.299601191325 0.380850168973 0.274183430192 0.916586668079 0.505479434948 0.0746876436788 0.709156928044 0.971315434869 0.744869666092 0.149072939716 0.186203255573 0.843000476332 0.187494498336 0.561069989408 0.892663471751 0.0668555169051 0.562595518736 0.831036753508 0.636692124701 0.584848868163 0.28099591648 0.368498550911 0.946309198499 0.0437753560658 0.943919910757 0.921486624631
0.142989782987 0.569800464997 0.0887027441257 0.154886521541 0.597754530014 0.254032808199 0.238896716084 0.523196801763 0.62369717214 0.337622815443 0.450353118318 0.836416638459 0.506659419753 0.563389145573 0.563094762781 0.272867984724 0 0.102797757995 0.0862409994223 0.611848901932 0.819881761407 0.853142041607 0.205264115063 0.367954844038 0.40093930044 0.826429180219 0.498120617038 0.127889904807 0.915897559569 0.926635166263 0.171345317263 0.0250777592716 0.6157456417 0.263049150394 0.523869381756 0.328116791195 0.777478723585 0.0811016641008 0.794491965527 0.531208171898 0.54138046978 0.186137549693 0.729791472032 0.38195552111 0.166263653934 0.543930878617 0.437124137782 0.642425270311 0.586976281977 0.270530058174 0.0945618996661 0.789556779273 0.672851916778 0.592642573936 0.0496584182179 0.785444190609 0.519107211658 0.293597979982 0.209963907805 0.895413435985 0.416440906502 0.167074878334 0.674194152485 0.12507935046 0.489435795504 0.816707660491 0.679027098146 0.749669592086
0.799466129135 0.156364536498 0.39370310611 0.33013151876 0.903305023729 0.0732995591084 0.441424921591 0.963854917895 0.895338893346 0.98958403332 0.659624597603 0.943387829743 0.707465999378 0.530035273196 0.816992582771 0.0398668547261 0.102797757995 0 0.863645283316 0.210808171335 0.86476261633 0.429283018461 0.16853874268 0.367463644852 0.0724928485896 0.341582320413 0.0736835804575 0.175552730247 0.478892793073 0.303219128271 0.594767536041 0.000184026560554 0.020496968809 0.194609059125 0.461780011477 0.598729231951 0.359157836596 0.229050460378 0.783086531872 0.251695928386 0.236268015948 0.434878445312 0.252388465683 0.681839014846 0.0966090195793 0.417542572142 0.17080815984 0.340448994869 0.869797174967 0.923554465722 0.13213944511 0.683207646147 0.618390066185 0.0630319082131 0.491216421619 0.532764481884 0.0572053178601 0.139573727242 0.191551779105 0.190447494689 0.415460753595 0.0733497348978 0.217774914925 0.624182474074 0.749654254477 0.587642556162 0.370693388656 0.211333405164
0.607186917167 0.397980144086 0.954379070482 0.365568575987 0.993027883027 0.0273427408404 0.11887181034 0.808322063914 0.194383142673 0.127642315008 0.354596780398 0.130896965564 0.451032303458 0.350030562622 0.460123405309 0.40404997125 0.0862409994223 0.863645283316 0 0.0726101996839 0.648332109752 0.0656229305033 0.587759066809 0.233670110993 0.0954887672092 0.257006701501 0.360375424067 0.75951078497 0.568073768142 0.758608707495 0.83016810205 0.540903515936 0.981428664828 0.497520805396 0.225220442745 0.79152547036 0.462986611867 0.598352076094 0.640058816695 0.668189233201 0.177141000339 0.704319776109 0.627807919288 0.874318338736 0.403997843468 0.769026485723 0.63698721653 0.0387462544932 0.016007892883 0.823268315567 0.628334556981 0.978066408755 0.118098244009 0.215369207066 0.860634580967 0.459983830185 0.495033232749 0.102403896917 0.954184152661 0.988585511037 0.21822041952 0.799556393151 0.378152756304 0.194644465632 0.401265433152 0.787064605365 0.681564260423 0.923458078575
0.77928056968 0.589410028068 0.633311429739 0.969907737385 0.470773921633 0.951732923935 0.0886975080025 0.999402282922 0.447116582396 0.688478688989 0.650014103534 0.475376342457 0.597459950628 0.563103891098 0.945108495559 0.760646847721 0.611848901932 0.210808171335 0.0726101996839 0 0.234635220904 0.531779232314 0.600474561285 5.99017542178e-05 0.898639522044 0.451121604116 0.0541933698237 0.0789431790058 0.0759504024059 0.612338910102 0.329274835067 0.493814347256 0.659729526365 0.629606962702 0.278601542848 0.0297266348891 0.496282059847 0.255965809943 0.36857395705 0.641004954949 0.0426582198888 0.504093953611 0.259700713377 0.356733155848 0.762086080514 0.428020962777 0.152935883125 0.633046742408 0.0890129793334 0.287521948341 0.727635189369 0.975301552264 0.751779124704 0.736451107974 0.493023153426 0.828631921896 0.00256392349382 0.651134313975 0.537961825835 0.491315079423 0.0409578299324 0.944152788201 0.813336319354 0.320295812387 0.619893373725 0.845294325812 0.900825587402 0.0368496502635
0.34778836151 0.0485277378487 0.845900203788 0.203805168066 0.235237937773 0.711918582962 0.419063813081 0.063911570568 0.522878510947 0.76637833542 0.845088029442 0.933727311178 0.664421884313 0.154183319713 0.926394597074 0.94035724773 0.819881761407 0.86476261633 0.648332109752 0.234635220904 0 0.326390861702 0.471443359367 0.900176008555 0.333207032697 0.827198207999 0.0806660852089 0.888267328809 0.658447707699 0.929675453563 0.17337469189 0.290120056636 0.769547853144 0.0321459178287 0.663386380529 0.35129700065 0.565406631535 0.605721854632 0.699207663318 0.316391153677 0.0195914505703 0.479812999408 0.227641732828 0.463169271938 0.966554565685 0.822629528657 0.328457495671 0.135676108846 0.877912582672 0.0477184065139 0.954180830249 0.295452310098 0.00342749114672 0.715096207216 0.452158859775 0.979792950871 0.988854128886 0.177760525181 0.947904832728 0.744743613254 0.632313297235 0.589046090942 0.829338610378 0.794623016398 0.815421410364 0.00631073515491 0.268140607801 0.960434273528
0.504373194261 0.875980109798 0.163711509683 0.0663114607312 0.511308287824 0.482099778725 0.0925402423081 0.0248654705303 0.622960624136 0.345731152125 0.988156825101 0.457632576486 0.694722587132 0.941862347092 0.941967748556 0.510079758568 0.853142041607 0.429283018461 0.0656229305033 0.531779232314 0.326390861702 0 0.847580822848 0.163706292426 0.0514461110915 0.392500129245 0.686205654059 0.708138558684 0.598365596028 0.882716217063 0.0248443374406 0.289006237272 0.900360700679 0.658448504132 0.37055261795 0.64997496418 0.215112871257 0.981680788545 0.612411332695 0.322709422287 0.366569689981 0.230445091726 0.860859300587 0.26516326316 0.169264291328 0.337621980173 0.0633937847824 0.60527220776 0.105224521758 0.898041992085 0.476654697885 0.352014725142 0.0368910595958 0.579743990164 0.0852125188068 0.519877471613 0.378657772524 0.46001436148 0.7768010418 0.435634619805 0.758939110787 0.62175833432 0.570399137656 0.171592549446 0.919216060006 0.441217062626 0.600187951691 0.681639126807
0.340950258486 0.297119402564 0.128410255159 0.245038562062 0.694433592169 0.368664286041 0.115333694416 0.311535495362 0.565358186765 0.332852174094 0.765186093993 0.761186198597 0.810850507868 0.440704123691 0.529749299135 0.766095058638 0.205264115063 0.16853874268 0.587759066809 0.600474561285 0.471443359367 0.847580822848 0 0.208224768611 0.863376695196 0.883048950857 0.393026542168 0.564735570409 0.612352335364 0.110201303058 0.439940763829 0.149277143893 0.110781577849 0.94381006963 0.316566474413 0.420990743223 0.540118337933 0.140582672654 0.919445423537 0.96654512352 0.522803533796 0.0862855625356 0.627319375134 0.927666921123 0.971704977559 0.171289522823 0.224523109692 0.599863208667 0.181246190672 0.523603678382 0.879259401249 0.884359893559 0.950411013318 0.274906074133 0.538604771414 0.643070719803 0.643458074406 0.814968878572 0.804802560907 0.00153694086556 0.951264139977 0.094392928241 0.196972838072 0.122604589949 0.357820692355 0.332430271309 0.724370980147 0.21957114488
0.842915829687 0.69618344781 0.21579715568 0.293414064283 0.986378594788 0.296999922185 0.142546009086 0.712388620317 0.704562076256 0.624112736631 0.276577712807 0.39251475244 0.478641423492 0.893884979806 0.687585540919 0.141411685512 0.367954844038 0.367463644852 0.233670110993 5.99017542178e-05 0.900176008555 0.163706292426 0.208224768611 0 0.754379830349 0.304348565126 0.721033634016 0.333204369125 0.0735312031639 0.0535424385561 0.0696636317389 0.502771756377 0.468857533425 0.780813997156 0.762926462497 0.640821559129 0.630346330332 0.107334372884 0.820386299247 0.923959845991 0.447162054589 0.264354721803 0.942629823422 0.836202627815 0.81680157953 0.400670619625 0.50341171087 0.941510767201 0.0651278472415 0.392358127102 0.700066682665 0.330580734215 0.167047961535 0.834970725946 0.0489072056257 0.731807676666 0.988631217855 0.813197554821 0.034330162355 0.710150592185 0.200005169409 0.108798824203 0.219991175946 0.743066288648 0.664497590602 0.596378353632 0.231876471957 0.606644397693
0.23366149643 0.888412560895 0.160981792448 0.843348271834 0.758234702228 0.729556548149 0.359682885319 0.292719136219 0.186305631227 0.645629058357 0.512292254323 0.85256937631 0.76572125091 0.806035011582 0.837575575149 0.0664960740937 0.40093930044 0.0724928485896 0.0954887672092 0.898639522044 0.333207032697 0.0514461110915 0.863376695196 0.754379830349 0 0.684891652034 0.654686372817 0.911472212588 0.0266880766066 0.965181380653 0.338368493962 0.311835347704 0.629188868957 0.372986069893 0.796031986504 0.704553464666 0.609627398949 0.164805416493 0.511296613951 0.377714997669 0.826874812387 0.00538153743699 0.839187476667 0.464737666994 0.463625490744 0.609236874487 0.987493547273 0.237582244057 0.1595350724 0.946498731662 0.23244333912 0.99820642692 0.616228004395 0.393787922922 0.582650690956 0.688914063381 0.68955810388 0.954680354245 0.00806480855041 0.672166338891 0.134013687893 0.851391502367 0.706798935082 0.399255897592 0.477351506946 0.726174723383 0.550257980954 0.0217119594742
0.226314477813 0.334228578046 0.803641847566 0.135527708071 0.983694627395 0.155063029302 0.841511146754 0.371112832813 0.753370919408 0.732920901008 0.0668054580297 0.695792623875 0.00236447081652 0.320733939912 0.945760896651 0.345849523826 0.826429180219 0.341582320413 0.257006701501 0.451121604116 0.827198207999 0.392500129245 0.883048950857 0.304348565126 0.684891652034 0 0.864790838547 0.197611652762 0.920025064709 0.0138901396773 0.781340255742 0.241194320894 0.0975509585508 0.659839957695 0.647930791985 0.213532739546 0.432978397004 0.112264686018 0.826253652964 0.586342247603 0.311992320987 0.961749251887 0.158063895689 0.0807333493902 0.906241341099 0.96999038583 0.57722456875 0.393802676402 0.848076575268 0.234575913508 0.0554567360225 0.20520725489 0.77162582054 0.569334952752 0.260375670597 0.692293852634 0.331684083965 0.0473860633603 0.293876083613 0.802421971793 0.252270521191 0.280629845857 0.00589270166131 0.748013666449 0.23724935841 0.505719481126 0.204117262801 0.0918879851089
0.608340594632 0.332791718513 0.651822628289 0.268963889705 0.900047875986 0.862225751747 0.385443420969 0.63589873434 0.481489252479 0.868610735398 0.128215337144 0.873278101286 0.433543886597 0.0529946414041 0.0301104811995 0.166278123335 0.498120617038 0.0736835804575 0.360375424067 0.0541933698237 0.0806660852089 0.686205654059 0.393026542168 0.721033634016 0.654686372817 0.864790838547 0 0.504266710249 0.648549321413 0.0165907439211 0.372192112004 0.179419251329 0.651262241532 0.377494837483 0.794653971921 0.522201392637 0.763453083793 0.110569627437 0.470456504382 0.290455286847 0.258152117343 0.170284280825 0.646239149896 0.503864083765 0.849902408929 0.071444615942 0.734263445301 0.891509189124 0.833649272585 0.958312127328 0.48249422656 0.427945142833 0.466162344101 0.0983245535676 0.435294966619 0.410031076758 0.778397338423 0.527946043327 0.621239454339 0.357454615784 0.0587859215305 0.242681586156 0.164304468126 0.206006624786 0.375932829618 0.900446922501 0.412261073974 0.210648685202
0.334667992475 0.496367850579 0.402761185305 0.411299956889 0.876658319522 0.783427121428 0.396310493802 0.446508443387 0.74443303861 0.203983711377 0.838360112315 0.0654675833598 0.0936722118655 0.508861504275 0.0261561411402 0.252078510057 0.127889904807 0.175552730247 0.75951078497 0.0789431790058 0.888267328809 0.708138558684 0.564735570409 0.333204369125 0.911472212588 0.197611652762 0.504266710249 0 0.338975462546 0.525945628146 0.958797672714 0.816672156431 0.28951236572 0.946970830607 0.930269177431 0.322619618956 0.550633884061 0.572176309576 0.0468961197203 0.765350570869 0.520936354008 0.0720526413273 0.734793816203 0.154846770243 0.550620043892 0.0515735239365 0.680690409996 0.919077626318 0.437286039784 0.264674551707 0.290331597886 0.272087555968 0.30817949998 0.427188756772 0.406159671259 0.537962187516 0.76833323109 0.897001574837 0.255873624952 0.914544023634 0.450030333261 0.853221072336 0.0443623541287 0.338756202759 0.230676591168 0.676890244014 0.319465948804 0.0702508657551
0.716719619469 0.117066947652 0.194944247795 0.197052373336 0.477292232188 0.101770419259 0.626285811125 0.323601703458 0.221907526274 0.995939334711 0.599221967505 0.985445766042 0.578833781424 0.85178294025 0.998439648773 0.112699764173 0.915897559569 0.478892793073 0.568073768142 0.0759504024059 0.658447707699 0.598365596028 0.612352335364 0.0735312031639 0.0266880766066 0.920025064709 0.648549321413 0.338975462546 0 0.091150629575 0.38892792011 0.16553438941 0.184761578649 0.977815588881 0.575468768849 0.234637098837 0.734414851559 0.268068352129 0.591745330929 0.120672919251 0.627603038043 0.497336224639 0.868735901634 0.311002004223 0.0415268740151 0.637293653846 0.860781273392 0.162957431453 0.850594359326 0.929752961056 0.890243299629 0.0902015962886 0.676442178476 0.777764407678 0.991876077292 0.428703293556 0.511041499927 0.27009841463 0.865019629635 0.706746952659 0.396508989069 0.359790522221 0.808162218578 0.290999819897 0.139675582226 0.679889190429 0.172392795453 0.487524108435
0.419417299307 0.944077446014 0.771085418985 0.820810516094 0.0117125397138 0.760506407745 0.793197351356 0.935284577701 0.653452097843 0.729697711867 0.237582345164 0.532826143542 0.749281893176 0.446321886535 0.322767369923 0.871822487806 0.926635166263 0.303219128271 0.758608707495 0.612338910102 0.929675453563 0.882716217063 0.110201303058 0.0535424385561 0.965181380653 0.0138901396773 0.0165907439211 0.525945628146 0.091150629575 0 0.259061976363 0.432534439537 0.459209299101 0.784326982367 0.0138578528464 0.582295863185 0.567904082639 0.880437168377 0.735457032953 0.984375060232 0.897002673751 0.315826527556 0.420904604155 0.876909813604 0.141097182329 0.206004727756 0.283937323868 0.718374977064 0.460409177613 0.393694669256 0.345712868706 0.95037069729 0.0761025276641 0.281319020242 0.428442881228 0.179223017019 0.405970923258 0.62166505425 0.490217761825 0.467114650762 0.164261477873 0.618829740456 0.540078604439 0.692617780393 0.18669807708 0.673223748069 0.52985717937 0.927267701257
0.672342872293 0.245947767456 0.886876925708 0.997041078984 0.748761635002 0.594293515479 0.950100923227 0.725759613201 0.101668683392 0.566912960687 0.726250467388 0.0391581163083 0.785023494471 0.962613129732 0.700145685305 0.803992882864 0.171345317263 0.594767536041 0.83016810205 0.329274835067 0.17337469189 0.0248443374406 0.439940763829 0.0696636317389 0.338368493962 0.781340255742 0.372192112004 0.958797672714 0.38892792011 0.259061976363 0 0.582236188049 0.727570576253 0.371678073453 0.854105455592 0.757837183967 0.067464208672 0.0919223190853 0.774200756316 0.895524536018 0.589521687181 0.551687927832 0.580102477177 0.984924704776 0.277597983583 0.411783056425 0.398077964788 0.866561569273 0.242844801868 0.459567459272 0.37570602767 0.207110845237 0.0266920490267 0.356952270686 0.0300218512835 0.964495814941 0.185106716003 0.0581067185524 0.133820359988 0.469881080106 0.568578126216 0.514127190975 0.520506623261 0.37708135516 0.285516499855 0.00730444478121 0.305980362084 0.597495541924
0.483321768975 0.860337452496 0.562258059269 0.828886280467 0.210708713825 0.608982718196 0.615279464578 0.265775618801 0.0296148965666 0.954378094412 0.0100545411546 0.0845791693784 0.591163014577 0.442325513083 0.182795330699 0.101332466046 0.0250777592716 0.000184026560554 0.540903515936 0.493814347256 0.290120056636 0.289006237272 0.149277143893 0.502771756377 0.311835347704 0.241194320894 0.179419251329 0.816672156431 0.16553438941 0.432534439537 0.582236188049 0 0.568418377666 0.914419823936 0.52594449375 0.375277068453 0.698113130045 0.625194952923 0.950129092023 0.227264098079 0.216963617579 0.750912845949 0.271894911377 0.917703512987 0.695631122172 0.753441309374 0.687567434566 0.0262886418972 0.893764998445 0.608340640757 0.574562842848 0.808158522434 0.849878777353 0.000916663657075 0.51134353614 0.536542348612 0.302172071516 0.0800657243459 0.437513328463 0.188140714704 0.0395141970071 0.242017030814 0.62080746393 0.481803106516 0.514555338846 0.769811081549 0.882105486831 0.92110464894
0.780829192244 0.648285446912 0.68250099929 0.703842244106 0.314204857022 0.447916482987 0.420109454937 0.718046182654 0.499802192034 0.749186022558 0.439226077093 0.977107554601 0.093029863688 0.675609080016 0.433033698384 0.298905299919 0.6157456417 0.020496968809 0.981428664828 0.659729526365 0.769547853144 0.900360700679 0.110781577849 0.468857533425 0.629188868957 0.0975509585508 0.651262241532 0.28951236572 0.184761578649 0.459209299101 0.727570576253 0.568418377666 0 0.396155984762 0.0733968053647 0.938157365665 0.287454189262 0.208166084654 0.334004877912 0.471665239285 0.897842838541 0.754889057777 0.409543715767 0.662233093206 0.477705277076 0.742245850691 0.192004717627 0.521870003707 0.976511097328 0.461235820047 0.81373612381 0.207732741266 0.514683393798 0.302554499849 0.0958312726233 0.975916553956 0.785386811917 0.325082482388 0.488652430434 0.68967210356 0.615672222567 0.516932779325 0.207235039142 0.697154054146 0.665099957976 0.0156272338152 0.145436073521 0.654036646542
0.664069911672 0.381055367372 0.38832487816 0.470813437747 0.55358695216 0.424422048052 0.684717347237 0.321758120665 0.709679194098 0.608784189388 0.393511116812 0.0940021364967 0.844832901707 0.0708787856534 0.495615837467 0.350206802704 0.263049150394 0.194609059125 0.497520805396 0.629606962702 0.0321459178287 0.658448504132 0.94381006963 0.780813997156 0.372986069893 0.659839957695 0.377494837483 0.946970830607 0.977815588881 0.784326982367 0.371678073453 0.914419823936 0.396155984762 0 0.0873421503383 0.395738201277 0.606238598912 0.220042149864 0.67350208556 0.437217217092 0.986052509726 0.69430618039 0.83203999202 0.126876429381 0.901685139991 0.251814357948 0.448365136624 0.184278670697 0.48621700905 0.163979125066 0.0339026602641 0.0399606158288 0.555870048107 0.461960101919 0.385889573267 0.914737057171 0.143119144908 0.571929518544 0.37279610992 0.265979646664 0.515958120464 0.148264847863 0.143362466715 0.786831764686 0.392701124179 0.66244123295 0.151854421789 0.976596555595
0.00548268799286 0.0351181092028 0.312522605794 0.930062668308 0.790938467854 0.885955923646 0.870262141604 0.772498983171 0.209154508633 0.833275201918 0.123960681033 0.556851113147 0.214049242923 0.317250053994 0.911257501095 0.652467153357 0.523869381756 0.461780011477 0.225220442745 0.278601542848 0.663386380529 0.37055261795 0.316566474413 0.762926462497 0.796031986504 0.647930791985 0.794653971921 0.930269177431 0.575468768849 0.0138578528464 0.854105455592 0.52594449375 0.0733968053647 0.0873421503383 0 0.0346130462891 0.0140945579937 0.117293113846 0.750580414806 0.502454963422 0.235582050839 0.310634212469 0.246507430371 0.159639730626 0.621308769549 0.250408439156 0.0921347824489 0.708355011116 0.056136238516 0.10007492821 0.701625382396 0.512776213064 0.221842426794 0.860395417309 0.0948309123193 0.858421346585 0.611150132303 0.659106539389 0.871794379774 0.938887800914 0.418776594327 0.810036254455 0.380102040653 0.586821673055 0.801656749094 0.633113621628 0.634059356974 0.915100448467
0.740905324019 0.200631170061 0.650269989578 0.852837772612 0.0895134184956 0.478383167479 0.502326676495 0.958767526051 0.0117394018038 0.413501466784 0.780865417162 0.413189600595 0.627561772089 0.626205125044 0.453422388806 0.698702355004 0.328116791195 0.598729231951 0.79152547036 0.0297266348891 0.35129700065 0.64997496418 0.420990743223 0.640821559129 0.704553464666 0.213532739546 0.522201392637 0.322619618956 0.234637098837 0.582295863185 0.757837183967 0.375277068453 0.938157365665 0.395738201277 0.0346130462891 0 0.936362333961 0.0367439325177 0.00200964130653 0.961931775865 0.995104650772 0.840707541752 0.970836007579 0.644591883268 0.0571226101401 0.260133268607 0.539420092469 0.940260718568 0.542284108247 0.604620617519 0.430131270131 0.707079406676 0.395322572453 0.000380009306426 0.844508816006 0.0529088890076 0.26758303744 0.320764029294 0.941189298902 0.823677867728 0.534398101599 0.75356716988 0.984612531271 0.454354325841 0.794599822983 0.253066355551 0.992351030099 0.00334643987823
0.296564137284 0.632728463473 0.425411452254 0.463828684875 0.470109354091 0.599483787244 0.204671042345 0.196088338582 0.878350769819 0.119040470238 0.587628665929 0.65606512977 0.372817840987 0.490189549869 0.559529665885 0.670452463199 0.777478723585 0.359157836596 0.462986611867 0.496282059847 0.565406631535 0.215112871257 0.540118337933 0.630346330332 0.609627398949 0.432978397004 0.763453083793 0.550633884061 0.734414851559 0.567904082639 0.067464208672 0.698113130045 0.287454189262 0.606238598912 0.0140945579937 0.936362333961 0 0.915017498758 0.769112037284 0.584294912102 0.46787135379 0.882343048467 0.545983664588 0.0445537614732 0.333269395187 0.768806716913 0.387974252221 0.146572139764 0.499955156314 0.88829205664 0.266660422722 0.446314753654 0.897640575596 0.529685637419 0.0183135601323 0.28182976071 0.762640364317 0.0917832622292 0.691824266922 0.569225935132 0.368026331274 0.90983846563 0.194290125171 0.403234414872 0.186867060349 0.328916087306 0.358965967956 0.341096694318
0.101931366705 0.465371158032 0.604341279471 0.946947405965 0.111695559574 0.630322643135 0.0495126856852 0.132243621676 0.204968952455 0.997733723645 0.205472617951 0.661430048919 0.752043416431 0.0549800850595 0.801678247558 0.76235398982 0.0811016641008 0.229050460378 0.598352076094 0.255965809943 0.605721854632 0.981680788545 0.140582672654 0.107334372884 0.164805416493 0.112264686018 0.110569627437 0.572176309576 0.268068352129 0.880437168377 0.0919223190853 0.625194952923 0.208166084654 0.220042149864 0.117293113846 0.0367439325177 0.915017498758 0 0.264856283914 0.455368556849 0.327101647214 0.999587084946 0.0417640726978 0.0444209042128 0.649931784065 0.944358846497 0.271479689489 0.62572455131 0.245028814885 0.761818515855 0.118830408347 0.634493129966 0.812532504728 0.293142154357 0.296760847107 0.709702649268 0.769497810893 0.951430778287 0.340426252992 0.840117977284 0.606657244089 0.941321052924 0.883977734871 0.0241391431663 0.970443905484 0.979289781196 0.149041578284 0.647047061864
0.962603790788 0.607168329766 0.196468289619 0.877442602939 0.373449525217 0.797940631509 0.242342213425 0.70996538503 0.583790122036 0.109721412449 0.380765775937 0.498851398285 0.90129987552 0.76711298503 0.907331264892 0.541878681165 0.794491965527 0.783086531872 0.640058816695 0.36857395705 0.699207663318 0.612411332695 0.919445423537 0.820386299247 0.511296613951 0.826253652964 0.470456504382 0.0468961197203 0.591745330929 0.735457032953 0.774200756316 0.950129092023 0.334004877912 0.67350208556 0.750580414806 0.00200964130653 0.769112037284 0.264856283914 0 0.118749994312 0.38734160725 0.0643849675847 0.316270733693 0.362856948872 0.394549477526 0.401215352711 0.099670512363 0.790182805043 0.3625632078 0.358229929151 0.225042845673 0.644800636465 0.266148947316 0.309921479502 0.00287089807296 0.166494931688 0.85804091645 0.323178146608 0.272224716901 0.764930493057 0.14380051991 0.667095911764 0.0110846670125 0.0971298263289 0.358979259394 0.81518481741 0.815924802198 0.110947548677
